[
  [
    1, 1, 1, 1, 1, 1, 1, 0, 0, 1, 1, 1,
    0, 0, 1, 0, 1, 1, 1, 1, 1, 1, 0, 0,
    0, 1, 1, 0, 1, 0, 1, 1, 0, 1, 1, 0,
    1, 1, 0, 1, 1, 1, 1, 0, 0, 0, 1, 1,
    1, 1, 1, 1, 1
  ],
  [
    1, 0, 0, 0, 0, 0, 1, 0, 1, 1, 0, 1,
    0, 1, 0, 1, 0, 0, 1, 0, 0, 1, 0, 1,
    0, 1, 0, 1, 1, 1, 0, 0, 1, 0, 1, 1,
    0, 1, 0, 0, 1, 0, 1, 1, 0, 0, 1, 0,
    0, 0, 0, 0, 1
  ],
  [
    1, 0, 1, 1, 1, 0, 1, 0, 1, 1, 1, 0,
    0, 1, 1, 0, 1, 1, 0, 1, 0, 0, 0, 0,
    1, 0, 1, 0, 0, 0, 1, 0, 0, 0, 1, 1,
    1, 0, 1, 1, 1, 0, 0, 1, 0, 0, 1, 0,
    1, 1, 1, 0, 1
  ],
  [
    1, 0, 1, 1, 1, 0, 1, 0, 1, 0, 0, 0,
    1, 0, 1, 0, 0, 1, 0, 1, 0, 1, 0, 0,
    1, 0, 1, 1, 1, 1, 1, 1, 0, 1, 0, 0,
    1, 1, 1, 1, 0, 0, 1, 0, 1, 0, 1, 0,
    1, 1, 1, 0, 1
  ],
  [
    1, 0, 1, 1, 1, 0, 1, 0, 0, 1, 0, 1,
    1, 1, 0, 0, 1, 1, 1, 0, 1, 0, 0, 1,
    1, 1, 1, 1, 1, 0, 1, 0, 1, 0, 1, 1,
    1, 0, 0, 1, 1, 1, 1, 0, 0, 0, 1, 0,
    1, 1, 1, 0, 1
  ],
  [
    1, 0, 0, 0, 0, 0, 1, 0, 1, 1, 1, 0,
    0, 0, 0, 0, 1, 0, 0, 1, 0, 1, 1, 0,
    1, 0, 0, 0, 1, 0, 1, 0, 0, 0, 0, 0,
    0, 1, 0, 0, 1, 0, 1, 0, 0, 0, 1, 0,
    0, 0, 0, 0, 1
  ],
  [
    1, 1, 1, 1, 1, 1, 1, 0, 1, 0, 1, 0,
    1, 0, 1, 0, 1, 0, 1, 0, 1, 0, 1, 0,
    1, 0, 1, 0, 1, 0, 1, 0, 1, 0, 1, 0,
    1, 0, 1, 0, 1, 0, 1, 0, 1, 0, 1, 1,
    1, 1, 1, 1, 1
  ],
  [
    0, 0, 0, 0, 0, 0, 0, 0, 0, 0, 0, 1,
    0, 0, 1, 1, 1, 0, 0, 1, 1, 1, 0, 1,
    1, 0, 0, 0, 1, 1, 0, 1, 1, 1, 1, 0,
    1, 1, 1, 1, 1, 0, 1, 0, 0, 0, 0, 0,
    0, 0, 0, 0, 0
  ],
  [
    0, 1, 1, 0, 0, 0, 1, 0, 0, 1, 0, 0,
    0, 1, 0, 1, 0, 1, 0, 0, 1, 1, 1, 1,
    1, 1, 1, 1, 1, 0, 0, 1, 1, 0, 1, 0,
    0, 0, 1, 0, 0, 0, 1, 1, 1, 1, 0, 1,
    0, 1, 1, 1, 0
  ],
  [
    0, 1, 0, 1, 1, 1, 0, 0, 1, 0, 1, 0,
    0, 1, 1, 1, 0, 0, 0, 0, 1, 0, 1, 0,
    0, 1, 0, 1, 1, 1, 1, 1, 1, 1, 1, 1,
    0, 0, 1, 0, 0, 0, 0, 0, 1, 0, 1, 1,
    1, 1, 1, 0, 1
  ],
  [
    1, 1, 1, 1, 1, 1, 1, 1, 1, 1, 1, 0,
    0, 0, 0, 0, 1, 0, 1, 0, 1, 0, 1, 0,
    1, 0, 0, 1, 0, 0, 0, 0, 0, 1, 0, 0,
    1, 1, 1, 0, 0, 0, 1, 0, 0, 1, 0, 1,
    0, 1, 1, 1, 0
  ],
  [
    1, 0, 0, 1, 0, 1, 0, 0, 1, 0, 1, 0,
    1, 1, 0, 1, 1, 1, 0, 1, 0, 0, 1, 0,
    0, 1, 0, 1, 0, 0, 1, 1, 1, 0, 0, 1,
    1, 0, 1, 0, 0, 1, 1, 1, 1, 1, 1, 0,
    1, 1, 1, 1, 0
  ],
  [
    1, 1, 1, 0, 1, 1, 1, 0, 1, 0, 0, 0,
    0, 0, 0, 0, 1, 0, 0, 0, 1, 1, 1, 1,
    1, 1, 0, 1, 0, 0, 1, 1, 1, 1, 0, 1,
    1, 0, 1, 0, 1, 0, 0, 0, 1, 1, 0, 1,
    0, 1, 0, 0, 0
  ],
  [
    1, 0, 1, 1, 0, 1, 0, 0, 0, 1, 1, 1,
    0, 0, 0, 0, 0, 0, 0, 1, 0, 0, 1, 0,
    1, 0, 0, 1, 1, 0, 1, 1, 1, 1, 1, 0,
    0, 1, 0, 1, 0, 0, 1, 0, 0, 0, 1, 1,
    0, 1, 0, 1, 1
  ],
  [
    1, 1, 1, 0, 1, 0, 1, 0, 1, 1, 0, 1,
    0, 1, 1, 1, 0, 1, 0, 0, 0, 1, 0, 1,
    0, 0, 1, 0, 1, 0, 0, 1, 0, 0, 0, 1,
    1, 0, 1, 0, 0, 1, 1, 0, 1, 0, 1, 1,
    1, 0, 0, 0, 1
  ],
  [
    1, 1, 0, 1, 1, 1, 0, 0, 1, 1, 1, 0,
    1, 1, 0, 0, 1, 0, 0, 0, 1, 0, 1, 0,
    1, 1, 1, 0, 0, 1, 0, 1, 0, 0, 0, 0,
    1, 1, 0, 0, 0, 0, 1, 0, 1, 0, 0, 1,
    1, 1, 1, 0, 0
  ],
  [
    0, 0, 0, 1, 0, 0, 1, 1, 1, 0, 0, 1,
    0, 1, 0, 0, 1, 0, 1, 1, 0, 1, 0, 0,
    0, 0, 1, 1, 0, 0, 1, 1, 1, 0, 0, 0,
    1, 0, 1, 0, 0, 0, 0, 0, 0, 1, 1, 0,
    0, 1, 0, 0, 0
  ],
  [
    0, 0, 0, 0, 1, 1, 0, 0, 1, 0, 1, 1,
    0, 0, 0, 0, 0, 1, 1, 1, 0, 1, 0, 1,
    0, 0, 1, 0, 0, 1, 0, 1, 0, 1, 1, 0,
    0, 1, 1, 1, 0, 0, 1, 0, 1, 1, 1, 0,
    0, 0, 1, 1, 1
  ],
  [
    1, 1, 1, 1, 0, 0, 1, 1, 1, 1, 0, 0,
    1, 0, 0, 1, 0, 1, 1, 1, 0, 1, 1, 1,
    0, 1, 0, 0, 1, 0, 0, 1, 0, 0, 0, 0,
    0, 0, 1, 0, 0, 1, 0, 0, 1, 0, 0, 1,
    0, 0, 1, 0, 0
  ],
  [
    0, 0, 0, 0, 0, 1, 0, 0, 0, 1, 1, 1,
    0, 0, 0, 0, 1, 1, 1, 1, 0, 1, 1, 1,
    0, 1, 0, 1, 1, 0, 1, 1, 1, 1, 1, 0,
    1, 1, 0, 0, 0, 1, 0, 1, 0, 0, 1, 1,
    1, 1, 1, 1, 0
  ],
  [
    0, 1, 0, 1, 1, 0, 1, 0, 0, 0, 1, 0,
    1, 0, 0, 0, 1, 0, 1, 1, 0, 1, 1, 1,
    0, 0, 1, 1, 0, 0, 0, 0, 0, 0, 0, 0,
    1, 1, 0, 1, 0, 1, 1, 0, 0, 0, 0, 0,
    0, 1, 0, 1, 1
  ],
  [
    1, 1, 1, 1, 1, 0, 0, 1, 0, 1, 0, 1,
    1, 1, 0, 0, 1, 0, 0, 1, 1, 1, 0, 0,
    0, 1, 1, 0, 0, 1, 0, 1, 1, 1, 0, 1,
    0, 0, 0, 0, 1, 1, 1, 0, 1, 1, 1, 1,
    0, 1, 1, 1, 1
  ],
  [
    0, 1, 0, 0, 0, 1, 1, 1, 1, 0, 1, 0,
    1, 1, 0, 0, 0, 1, 0, 0, 1, 1, 0, 0,
    0, 1, 1, 0, 1, 1, 0, 0, 0, 0, 0, 0,
    0, 1, 1, 1, 1, 0, 3m0, 0, 0, 1, 0, 0,
    1, 0, 1, 1, 1
  ],
  [
    1, 1, 1, 1, 1, 1, 0, 0, 0, 1, 0, 1,
    0, 1, 0, 1, 1, 1, 1, 1, 1, 0, 1, 0,
    1, 0, 0, 0, 0, 0, 1, 0, 1, 1, 0, 0,
    0, 0, 1, 0, 1, 1, 1, 0, 1, 1, 1, 1,
    0, 0, 1, 0, 1
  ],
  [
    0, 1, 1, 1, 1, 1, 1, 1, 1, 0, 1, 0,
    0, 1, 1, 0, 1, 1, 1, 1, 1, 1, 1, 0,
    1, 1, 1, 1, 1, 0, 0, 0, 0, 0, 1, 1,
    1, 0, 1, 0, 0, 1, 0, 1, 1, 1, 1, 1,
    1, 1, 1, 1, 0
  ],
  [
    0, 0, 1, 0, 1, 0, 0, 0, 1, 0, 1, 0,
    0, 1, 0, 1, 0, 0, 0, 1, 0, 1, 0, 0,
    1, 0, 0, 0, 1, 1, 1, 0, 1, 1, 0, 0,
    0, 1, 1, 1, 1, 1, 0, 1, 1, 0, 0, 0,
    1, 1, 1, 0, 0
  ],
  [
    1, 0, 1, 0, 1, 0, 1, 0, 1, 1, 0, 0,
    1, 0, 1, 1, 1, 1, 1, 1, 0, 1, 0, 1,
    1, 0, 1, 0, 1, 1, 0, 1, 0, 0, 0, 1,
    1, 0, 0, 0, 0, 0, 1, 1, 1, 0, 1, 0,
    1, 0, 1, 0, 0
  ],
  [
    0, 0, 0, 0, 1, 0, 0, 0, 1, 0, 1, 0,
    0, 0, 0, 1, 0, 1, 1, 0, 0, 0, 1, 0,
    1, 0, 0, 0, 1, 0, 1, 0, 1, 1, 0, 1,
    0, 1, 0, 1, 1, 0, 1, 0, 1, 0, 0, 0,
    1, 0, 1, 0, 1
  ],
  [
    1, 0, 0, 0, 1, 1, 1, 1, 1, 1, 0, 1,
    1, 1, 0, 1, 1, 1, 1, 1, 0, 0, 1, 1,
    1, 1, 1, 1, 1, 1, 0, 1, 1, 1, 0, 1,
    1, 1, 1, 1, 0, 0, 1, 1, 1, 1, 1, 1,
    1, 0, 0, 1, 0
  ],
  [
    1, 1, 1, 0, 0, 0, 0, 1, 1, 1, 1, 0,
    1, 1, 0, 1, 0, 1, 1, 1, 1, 0, 0, 0,
    0, 1, 0, 0, 1, 0, 1, 0, 0, 1, 0, 1,
    1, 1, 1, 0, 1, 1, 1, 1, 0, 0, 1, 1,
    0, 0, 1, 1, 0
  ],
  [
    1, 1, 1, 0, 1, 0, 1, 0, 0, 1, 1, 1,
    1, 0, 1, 0, 1, 0, 0, 0, 0, 1, 0, 0,
    1, 1, 0, 0, 1, 0, 0, 1, 1, 1, 1, 0,
    0, 1, 0, 0, 1, 1, 1, 0, 1, 0, 1, 0,
    1, 1, 0, 0, 0
  ],
  [
    0, 1, 0, 1, 0, 1, 0, 0, 0, 0, 0, 1,
    0, 1, 0, 0, 1, 1, 0, 1, 0, 1, 0, 0,
    1, 0, 1, 1, 0, 0, 0, 0, 0, 0, 0, 0,
    1, 1, 0, 0, 0, 1, 1, 0, 0, 1, 0, 1,
    0, 0, 0, 1, 1
  ],
  [
    1, 0, 1, 0, 0, 0, 1, 0, 0, 0, 1, 1,
    0, 1, 0, 1, 1, 0, 0, 0, 0, 1, 1, 1,
    0, 1, 0, 0, 1, 0, 0, 0, 0, 0, 1, 1,
    0, 1, 0, 1, 1, 0, 0, 0, 0, 1, 1, 1,
    0, 1, 0, 1, 1
  ],
  [
    0, 0, 1, 1, 1, 0, 0, 0, 1, 0, 0, 0,
    0, 0, 1, 1, 1, 1, 1, 1, 1, 0, 1, 1,
    0, 1, 1, 1, 1, 1, 0, 0, 1, 0, 1, 1,
    1, 1, 0, 1, 0, 0, 1, 1, 0, 0, 0, 0,
    0, 0, 0, 1, 1
  ],
  [
    0, 1, 0, 0, 0, [33m0, 1, 0, 0, 0, 1, 1,
    0, 0, 1, 1, 0, 1, 1, 1, 1, 0, 1, 1,
    0, 0, 0, 0, 0, 1, 1, 1, 1, 0, 1, 0,
    0, 0, 0, 1, 0, 1, 1, 1, 0, 1, 0, 1,
    1, 0, 0, 1, 0
  ],
  [
    0, 1, 0, 1, 1, 0, 0, 1, 1, 1, 1, 0,
    1, 1, 0, 0, 0, 1, 0, 1, 1, 0, 0, 0,
    1, 1, 1, 0, 0, 1, 0, 0, 1, 1, 0, 0,
    1, 1, 0, 1, 0, 1, 0, 1, 0, 1, 1, 1,
    1, 0, 0, 1, 1
  ],
  [
    0, 0, 1, 1, 1, 0, 1, 1, 0, 0, 0, 1,
    1, 0, 0, 0, 0, 1, 1, 0, 1, 0, 1, 1,
    1, 1, 1, 0, 0, 0, 1, 1, 0, 1, 0, 1,
    1, 0, 0, 0, 0, 1, 1, 1, 0, 1, 1, 1,
    1, 0, 0, 1, 0
  ],
  [
    1, 0, 1, 1, 1, 1, 0, 1, 1, 1, 0, 1,
    0, 1, 1, 0, 0, 0, 0, 1, 1, 1, 0, 1,
    0, 1, 1, 0, 0, 0, 1, 0, 0, 1, 1, 0,
    1, 0, 1, 0, 0, 0, 0, 1, 0, 1, 0, 1,
    1, 1, 1, 0, 1
  ],
  [
    0, 0, 0, 0, 1, 1, 1, 0, 1, 0, 0, 0,
    0, 1, 1, 0, 1, 0, 1, 0, 1, 1, 1, 0,
    1, 1, 1, 0, 0, 0, 1, 1, 0, 0, 0, 0,
    1, 1, 1, 1, 1, 0, 1, 1, 1, 0, 0, 1,
    0, 1, 1, 0, 1
  ],
  [
    1, 0, 1, 0, 1, 1, 0, 0, 1, 1, 0, 1,
    1, 1, 0, 1, 0, 0, 1, 0, 0, 0, 1, 0,
    0, 1, 0, 1, 1, 0, 0, 0, 0, 0, 1, 0,
    0, 0, 1, 1, 0, 1, 0, 0, 1, 1, 1, 1,
    0, 1, 1, 1, 1
  ],
  [
    0, 0, 0, 0, 0, 1, 1, 1, 1, 0, 0, 1,
    0, 0, 1, 1, 0, 0, 0, 1, 1, 0, 1, 0,
    0, 0, 0, 1, 0, 1, 1, 1, 1, 1, 0, 0,
    0, 0, 1, 1, 0, 1, 1, 0, 0, 1, 1, 0,
    0, 0, 1, 1, 0
  ],
  [
    1, 0, 0, 1, 0, 1, 0, 1, 0, 1, 1, 0,
    0, 0, 0, 1, 1, 0, 0, 0, 0, 1, 1, 0,
    0, 0, 0, 0, 0, 0, 1, 0, 1, 1, 1, 1,
    0, 0, 1, 1, 0, 1, 1, 0, 0, 1, 1, 0,
    0, 0, 0, 1, 0
  ],
  [
    1, 1, 0, 1, 1, 1, 1, 0, 1, 1, 1, 0,
    1, 0, 1, 0, 0, 0, 0, 0, 0, 1, 1, 0,
    0, 0, 1, 1, 0, 0, 1, 1, 1, 1, 1, 0,
    1, 0, 1, 0, 1, 0, 0, 0, 1, 1, 1, 0,
    1, 0, 1, 0, 1
  ],
  [
    0, 1, 1, 0, 0, 0, 0, 1, 1, 1, 0, 0,
    0, 1, 1, 1, 0, 0, 1, 1, 1, 1, 1, 1,
    0, 1, 0, 0, 1, 1, 1, 1, 1, 0, 0, 0,
    0, 1, 1, 1, 0, 1, 1, 1, 1, 1, 1, 0,
    0, 0, 1, 1, 1
  ],
  [
    0, 0, 0, 1, 0, 0, 1, 0, 1, 0, 1, 0,
    0, 0, 1, 1, 0, 0, 0, 0, 1, 0, 0, 0,
    1, 1, 1, 1, 1, 0, 0, 1, 1, 1, 0, 1,
    1, 0, 0, 1, 1, 1, 0, 0, 1, 1, 1, 1,
    1, 1, 0, 1, 1
  ],
  [
    0, 0, 0, 0, 0, 0, 0, 0, 0, 0, 0, 1,
    1, 1, 0, 0, 0, 1, 1, 0, 0, 0, [33m0, 0,
    1, 0, 0, 0, 1, 0, 0, 0, 1, 1, 1, 0,
    1, 1, 1, 1, 0, 1, 0, 1, 1, 0, 0, 0,
    1, 1, 1, 0, 0
  ],
  [
    1, 1, 1, 1, 1, 1, 1, 0, 0, 0, 1, 0,
    1, 0, 0, 1, 1, 1, 1, 0, 1, 0, 1, 1,
    1, 0, 1, 0, 1, 1, 0, 1, 1, 0, 0, 0,
    0, 1, 1, 1, 1, 1, 0, 1, 1, 0, 1, 0,
    1, 0, 1, 0, 1
  ],
  [
    1, 0, 0, 0, 0, 0, 1, 0, 0, 1, 1, 0,
    1, 0, 1, 1, 0, 1, 0, 0, 1, 1, 1, 0,
    1, 0, 0, 0, 1, 0, 1, 1, 0, 0, 0, 1,
    0, 0, 1, 0, 1, 1, 1, 1, 1, 0, 0, 0,
    1, 1, 1, 1, 0
  ],
  [
    1, 0, 1, 1, 1, 0, 1, 0, 0, 0, 0, 1,
    1, 1, 0, 0, 0, 1, 1, 1, 0, 1, 0, 1,
    1, 1, 1, 1, 1, 0, 1, 1, 1, 1, 0, 1,
    0, 0, 0, 0, 1, 0, 1, 1, 1, 1, 1, 1,
    1, 1, 0, 1, 0
  ],
  [
    1, 0, 1, 1, 1, 0, 1, 0, 0, 1, 1, 0,
    0, 1, 1, 1, 0, 0, 0, 0, 1, 1, 0, 0,
    0, 0, 1, 1, 0, 1, 1, 1, 1, 1, 0, 0,
    0, 0, 1, 1, 1, 0, 0, 1, 1, 1, 1, 0,
    1, 0, 1, 1, 1
  ],
  [
    1, 0, 1, 1, 1, 0, 1, 0, 1, 1, 0, 0,
    1, 1, 1, 0, 0, 1, 0, 1, 1, 0, 1, 0,
    1, 0, 0, 0, 0, 1, 1, 1, 1, 1, 1, 0,
    1, 1, 1, 0, 0, 1, 1, 1, 1, 1, 0, 0,
    1, 1, 0, 0, 0
  ],
  [
    1, 0, 0, m0, 0, 0, 1, 0, 1, 0, 1, 1,
    0, 0, 1, 0, 0, 0, 0, 0, 1, 1, 1, 0,
    0, 0, 1, 1, 0, 0, 0, 0, 1, 1, 1, 0,
    1, 0, 1, 1, 1, 0, 0, 0, 1, 1, 1, 0,
    1, 1, 1, 1, 1
  ],
  [
    1, 1, 1, 1, 1, 1, 1, 0, 0, 1, 0, 1,
    0, 1, 1, 0, 0, 0, 0, 1, 1, 1, 0, 1,
    0, 1, 1, 0, 0, 0, 0, 0, 0, 1, 0, 1,
    0, 1, 1, 0, 0, 0, 0, 0, 1, 1, 0, 1,
    0, 1, 1, 0, 0
  ]
]